0,0,0,0,0,0,0,0,0,0,0,0,0,0,0,0,0,0,0,0,0,0,0,0,0,0,0,0,0,0,0,0,0,0,0,0,0,0,0,0,0,0,0,0,0,0,0,0,0,0,0
0,6.94896e-06,1.91342e-05,3.20866e-05,4.24008e-05,4.74055e-05,4.47922e-05,3.24516e-05,8.49683e-06,-2.86014e-05,-7.983e-05,-0.000145459,-0.000224914,-0.000316717,-0.000418517,-0.000527197,-0.000639051,-0.000750013,-0.000855901,-0.000952678,-0.00103668,-0.00110481,-0.00115469,-0.00118478,-0.00119438,-0.00118367,-0.00115364,-0.001106,-0.00104309,-0.000967702,-0.000882935,-0.000792027,-0.000698183,-0.000604426,-0.000513457,-0.000427567,-0.000348567,-0.000277783,-0.000216091,-0.000164045,-0.00012214,-9.13759e-05,-7.43246e-05,-7.69832e-05,-0.000111486,-0.000199118,-0.000371205,-0.000660629,-0.00106244,-0.00136871,0
0,1.89292e-05,4.83568e-05,7.69691e-05,9.58128e-05,9.75853e-05,7.60437e-05,2.57808e-05,-5.76819e-05,-0.000177605,-0.000335691,-0.000531789,-0.000763725,-0.00102728,-0.00131634,-0.00162319,-0.00193889,-0.00225378,-0.00255799,-0.00284188,-0.00309653,-0.00331412,-0.0034882,-0.00361393,-0.00368818,-0.00370964,-0.00367876,-0.0035977,-0.00347021,-0.00330144,-0.00309768,-0.00286616,-0.00261468,-0.00235128,-0.00208392,-0.00182012,-0.0015667,-0.00132958,-0.00111375,-0.000923353,-0.000762265,-0.000635149,-0.000549544,-0.000519216,-0.000568601,-0.000736751,-0.00107541,-0.00162531,-0.00232221,-0.002658,0
0,3.16061e-05,7.7066e-05,0.000117009,0.000135949,0.000121121,6.17805e-05,-5.10103e-05,-0.000224186,-0.00046229,-0.000767054,-0.00113709,-0.00156777,-0.00205135,-0.00257726,-0.00313266,-0.00370302,-0.00427288,-0.00482652,-0.0053487,-0.0058252,-0.00624334,-0.00659238,-0.00686375,-0.00705126,-0.00715116,-0.00716215,-0.00708541,-0.00692446,-0.00668509,-0.00637518,-0.0060045,-0.00558441,-0.00512752,-0.00464725,-0.00415735,-0.00367137,-0.0032022,-0.00276179,-0.00236103,-0.00201022,-0.0017203,-0.00150525,-0.00138595,-0.00139503,-0.0015807,-0.00200279,-0.00269861,-0.00354316,-0.00375865,0
0,4.22802e-05,9.8567e-05,0.000141174,0.000147775,9.9951e-05,-1.7564e-05,-0.000217016,-0.00050736,-0.000893807,-0.0013774,-0.00195474,-0.00261805,-0.00335537,-0.00415119,-0.00498712,-0.00584284,-0.00669702,-0.00752824,-0.0083159,-0.0090409,-0.00968621,-0.0102373,-0.0106824,-0.0110126,-0.0112218,-0.011307,-0.0112679,-0.011107,-0.0108297,-0.0104438,-0.00995994,-0.009391,-0.00875226,-0.00806092,-0.00733573,-0.00659645,-0.00586327,-0.00515622,-0.00449479,-0.00389795,-0.00338506,-0.00297778,-0.00270354,-0.00259991,-0.00271795,-0.00311833,-0.00383374,-0.00469334,-0.00469704,0
0,4.96484e-05,0.000109313,0.000143353,0.00012273,2.34918e-05,-0.000173908,-0.000484656,-0.000919217,-0.00148284,-0.00217519,-0.00299013,-0.00391596,-0.00493585,-0.00602869,-0.00717007,-0.00833349,-0.0094916,-0.0106173,-0.011685,-0.012671,-0.0135545,-0.014318,-0.0149472,-0.0154313,-0.0157628,-0.0159373,-0.0159536,-0.0158136,-0.0155218,-0.0150857,-0.0145156,-0.0138247,-0.013029,-0.0121475,-0.0112017,-0.0102155,-0.00921474,-0.00822643,-0.00727842,-0.00639884,-0.00561633,-0.00496108,-0.00446719,-0.00417582,-0.00413805,-0.00441215,-0.00502787,-0.00578531,-0.00550957,0
0,5.33104e-05,0.000107866,0.000120706,5.64315e-05,-0.000114134,-0.000414473,-0.000862256,-0.00146889,-0.00223899,-0.00317003,-0.00425235,-0.00546945,-0.00679883,-0.00821301,-0.009681,-0.0111697,-0.0126456,-0.014076,-0.0154304,-0.0166812,-0.0178045,-0.0187804,-0.0195931,-0.0202305,-0.0206845,-0.0209504,-0.0210267,-0.0209149,-0.0206193,-0.0201472,-0.0195085,-0.0187163,-0.0177864,-0.0167382,-0.0155939,-0.0143796,-0.013124,-0.0118591,-0.0106189,-0.00943922,-0.00835724,-0.00741146,-0.00664273,-0.00609591,-0.00582168,-0.00587524,-0.00628556,-0.00683818,-0.00622708,0
0,5.3329e-05,9.39453e-05,7.22291e-05,-5.31132e-05,-0.000316075,-0.000743598,-0.00135526,-0.00216269,-0.00316902,-0.00436862,-0.00574726,-0.00728271,-0.00894585,-0.0107021,-0.0125133,-0.0143395,-0.0161409,-0.0178794,-0.0195201,-0.0210323,-0.0223897,-0.023571,-0.0245594,-0.0253428,-0.0259129,-0.0262652,-0.0263985,-0.0263145,-0.0260177,-0.0255153,-0.0248173,-0.0239362,-0.0228879,-0.0216911,-0.0203684,-0.0189459,-0.0174537,-0.0159259,-0.0144003,-0.0129177,-0.0115217,-0.0102578,-0.00917283,-0.0083158,-0.00773787,-0.00749193,-0.00760818,-0.0078686,-0.00687383,0
0,4.99045e-05,6.76904e-05,-2.32621e-06,-0.000206819,-0.000584054,-0.00116379,-0.00196672,-0.00300374,-0.00427545,-0.00577198,-0.00747343,-0.00935078,-0.0113674,-0.0134808,-0.0156454,-0.017814,-0.0199408,-0.021983,-0.0239021,-0.0256649,-0.027244,-0.0286174,-0.0297688,-0.0306862,-0.0313622,-0.0317929,-0.0319776,-0.0319184,-0.0316202,-0.0310901,-0.0303381,-0.0293765,-0.0282206,-0.0268889,-0.0254034,-0.0237898,-0.0220783,-0.0203034,-0.0185043,-0.0167244,-0.0150111,-0.0134144,-0.0119862,-0.0107792,-0.00984627,-0.00923936,-0.00899146,-0.00888835,-0.00746841,0
0,4.31671e-05,2.91869e-05,-0.000103143,-0.000405274,-0.000919029,-0.0016761,-0.00269721,-0.00399135,-0.00555532,-0.00737382,-0.00942013,-0.0116574,-0.0140406,-0.016519,-0.0190388,-0.0215463,-0.0239899,-0.0263228,-0.028504,-0.0304994,-0.0322812,-0.0338284,-0.0351256,-0.0361621,-0.0369317,-0.0374315,-0.0376614,-0.0376242,-0.0373246,-0.0367699,-0.0359695,-0.0349354,-0.0336821,-0.0322275,-0.0305927,-0.028803,-0.0268876,-0.0248808,-0.0228215,-0.020754,-0.0187269,-0.0167928,-0.0150068,-0.0134247,-0.0121013,-0.0110894,-0.0104259,-0.00990414,-0.00802454,0
0,3.30814e-05,-2.17455e-05,-0.000230596,-0.000648938,-0.00132118,-0.00227975,-0.00354412,-0.00511999,-0.00699909,-0.00915947,-0.0115665,-0.0141747,-0.0169298,-0.0197722,-0.0226404,-0.0254739,-0.0282166,-0.0308189,-0.0332386,-0.0354419,-0.0374023,-0.0391007,-0.0405236,-0.0416623,-0.0425122,-0.0430715,-0.0433412,-0.0433239,-0.0430247,-0.0424501,-0.0416088,-0.040512,-0.0391731,-0.0376088,-0.0358391,-0.0338882,-0.0317842,-0.0295604,-0.027255,-0.0249115,-0.0225786,-0.0203096,-0.0181611,-0.0161909,-0.0144564,-0.0130116,-0.011898,-0.0109182,-0.00855192,0
0,1.94422e-05,-8.55258e-05,-0.00038513,-0.000937824,-0.00178932,-0.00297137,-0.00450068,-0.00637835,-0.00858981,-0.0111054,-0.0138818,-0.0168638,-0.0199875,-0.0231843,-0.0263848,-0.0295228,-0.0325389,-0.0353819,-0.0380104,-0.0403922,-0.0425037,-0.0443284,-0.0458556,-0.0470792,-0.0479962,-0.0486063,-0.0489108,-0.048913,-0.0486171,-0.048029,-0.0471564,-0.0460089,-0.0445983,-0.0429398,-0.0410516,-0.0389562,-0.0366804,-0.0342558,-0.0317195,-0.0291137,-0.0264863,-0.0238901,-0.021382,-0.0190213,-0.0168668,-0.0149752,-0.0133923,-0.0119291,-0.00905695,0
0,1.94011e-06,-0.000162618,-0.000566865,-0.00127087,-0.00232009,-0.00374397,-0.00555505,-0.00774864,-0.010303,-0.01318,-0.0163264,-0.019677,-0.0231576,-0.0266905,-0.030199,-0.0336125,-0.0368696,-0.0399196,-0.0427234,-0.0452522,-0.047486,-0.0494121,-0.051023,-0.0523151,-0.0532874,-0.0539406,-0.0542767,-0.0542986,-0.0540102,-0.0534162,-0.0525228,-0.0513377,-0.049871,-0.0481353,-0.0461469,-0.0439258,-0.0414969,-0.03889,-0.0361401,-0.0332882,-0.0303807,-0.0274695,-0.024611,-0.021865,-0.019292,-0.0169511,-0.0148925,-0.0129331,-0.00954347,0
0,-1.974e-05,-0.000253242,-0.000775081,-0.0016452,-0.00290703,-0.00458616,-0.00668981,-0.00920672,-0.0121073,-0.0153442,-0.018854,-0.0225602,-0.0263781,-0.0302212,-0.0340068,-0.0376612,-0.0411229,-0.0443438,-0.0472886,-0.0499331,-0.0522621,-0.0542667,-0.055943,-0.0572898,-0.0583076,-0.0589982,-0.0593637,-0.0594068,-0.0591304,-0.0585381,-0.0576344,-0.056425,-0.0549175,-0.0531223,-0.0510526,-0.048726,-0.0461645,-0.0433954,-0.0404518,-0.0373725,-0.0342024,-0.0309922,-0.0277976,-0.0246784,-0.0216964,-0.0189133,-0.0163828,-0.0139249,-0.0100134,0
0,-4.58057e-05,-0.000357076,-0.00100772,-0.00205552,-0.00354008,-0.00548192,-0.00788223,-0.0107229,-0.013966,-0.0175545,-0.0214137,-0.0254554,-0.0295845,-0.0337063,-0.0377334,-0.0415911,-0.04522,-0.0485761,-0.0516296,-0.0543617,-0.0567622,-0.0588264,-0.0605535,-0.0619442,-0.0630005,-0.0637246,-0.0641186,-0.0641846,-0.0639247,-0.063341,-0.0624364,-0.0612146,-0.0596809,-0.0578426,-0.0557102,-0.053298,-0.050625,-0.0477154,-0.0445995,-0.0413139,-0.0379017,-0.034412,-0.0308997,-0.0274245,-0.0240495,-0.0208385,-0.0178484,-0.0148983,-0.0104672,0
0,-7.62534e-05,-0.000472989,-0.00126098,-0.00249372,-0.00420546,-0.00641088,-0.00910512,-0.0122631,-0.0158387,-0.0197641,-0.0239526,-0.0283042,-0.0327134,-0.0370786,-0.0413097,-0.045333,-0.0490932,-0.0525521,-0.0556862,-0.0584826,-0.060936,-0.0630457,-0.064813,-0.0662406,-0.067331,-0.0680866,-0.0685091,-0.0686,-0.0683603,-0.067791,-0.0668934,-0.0656692,-0.0641213,-0.0622545,-0.0600761,-0.0575971,-0.0548329,-0.0518044,-0.0485386,-0.0450694,-0.0414376,-0.0376906,-0.0338826,-0.030073,-0.0263258,-0.0227074,-0.0192763,-0.0158473,-0.0109044,0
0,-0.000110776,-0.000598851,-0.00152917,-0.00294889,-0.00488593,-0.00734916,-0.0103281,-0.0137911,-0.0176831,-0.0219253,-0.0264182,-0.0310498,-0.0357051,-0.0402773,-0.0446755,-0.0488292,-0.0526888,-0.0562231,-0.0594154,-0.0622586,-0.064752,-0.0668977,-0.0686991,-0.0701596,-0.071282,-0.0720684,-0.0725201,-0.0726377,-0.0724213,-0.0718709,-0.0709862,-0.0697672,-0.0682149,-0.0663315,-0.0641214,-0.0615921,-0.0587555,-0.0556286,-0.052235,-0.0486054,-0.0447778,-0.0407979,-0.0367186,-0.0325994,-0.0285049,-0.0245038,-0.0206553,-0.016766,-0.0113243,0
0,-0.000148694,-0.000731427,-0.00180463,-0.00340756,-0.00556156,-0.00827043,-0.0115189,-0.0152692,-0.0194569,-0.0239914,-0.0287602,-0.0336395,-0.0385063,-0.0432501,-0.0477813,-0.0520346,-0.0559672,-0.0595557,-0.0627899,-0.0656683,-0.0681936,-0.0703704,-0.072203,-0.0736951,-0.0748493,-0.075667,-0.076149,-0.0762949,-0.0761042,-0.0755757,-0.074708,-0.0735,-0.0719505,-0.0700598,-0.0678294,-0.0652639,-0.0623713,-0.059165,-0.0556646,-0.0518973,-0.0478982,-0.0437108,-0.0393866,-0.0349847,-0.0305705,-0.0262149,-0.0219763,-0.0176492,-0.0117256,0
0,-0.000188907,-0.000866377,-0.00207798,-0.00385426,-0.00621064,-0.0091472,-0.0126451,-0.0166603,-0.0211191,-0.0259182,-0.0309324,-0.0360267,-0.0410713,-0.0459542,-0.050589,-0.0549165,-0.0589021,-0.0625296,-0.0657954,-0.0687022,-0.0712558,-0.0734619,-0.0753254,-0.0768496,-0.0780365,-0.0788867,-0.0794002,-0.0795759,-0.0794126,-0.0789082,-0.0780606,-0.0768673,-0.0753261,-0.073435,-0.0711936,-0.0686032,-0.0656688,-0.0623998,-0.0588121,-0.054929,-0.0507823,-0.046413,-0.0418711,-0.037215,-0.0325109,-0.027831,-0.023232,-0.0184926,-0.0121073,0
0,-0.000229879,-0.000998354,-0.00233849,-0.00427227,-0.00681073,-0.00995203,-0.0136747,-0.0179289,-0.022631,-0.0276651,-0.0328934,-0.038171,-0.0433627,-0.0483567,-0.0530708,-0.0574534,-0.0614776,-0.0651346,-0.0684261,-0.0713587,-0.0739398,-0.0761759,-0.0780715,-0.0796294,-0.0808504,-0.0817347,-0.0822811,-0.0824881,-0.0823535,-0.0818751,-0.0810496,-0.0798741,-0.078345,-0.0764591,-0.0742138,-0.0716081,-0.0686438,-0.0653269,-0.0616694,-0.0576909,-0.0534197,-0.048894,-0.0441617,-0.0392807,-0.0343174,-0.0293453,-0.0244169,-0.0192926,-0.0124681,0
0,-0.000269671,-0.00112123,-0.00257464,-0.00464453,-0.00733978,-0.0106586,-0.0145778,-0.019042,-0.0239573,-0.0291958,-0.0346077,-0.0400392,-0.0453513,-0.0504331,-0.0552081,-0.059632,-0.0636857,-0.067367,-0.0706822,-0.0736404,-0.0762503,-0.0785181,-0.0804479,-0.0820413,-0.0832985,-0.0842183,-0.0847992,-0.0850388,-0.0849347,-0.0844837,-0.0836825,-0.0825272,-0.0810137,-0.0791374,-0.0768943,-0.0742812,-0.0712974,-0.0679456,-0.0642343,-0.0601793,-0.0558055,-0.0511479,-0.0462526,-0.0411761,-0.0359849,-0.030753,-0.0255274,-0.0200467,-0.0128074,0
0,-0.000306015,-0.00122841,-0.00277472,-0.00495447,-0.00777705,-0.0112425,-0.0153271,-0.0199695,-0.0250667,-0.0304791,-0.0360456,-0.0416049,-0.0470148,-0.0521664,-0.0569889,-0.0614453,-0.0655236,-0.0692272,-0.0725662,-0.0755515,-0.0781922,-0.0804942,-0.0824603,-0.0840914,-0.0853864,-0.0863437,-0.0869606,-0.0872346,-0.0871625,-0.0867409,-0.0859661,-0.0848338,-0.0833391,-0.0814767,-0.0792412,-0.076628,-0.0736339,-0.070259,-0.0665084,-0.0623945,-0.0579387,-0.0531731,-0.0481413,-0.0428984,-0.0375108,-0.032052,-0.0265613,-0.0207531,-0.0131245,0
0,-0.000336445,-0.00131325,-0.00292757,-0.00518693,-0.00810397,-0.0116824,-0.0158981,-0.0206854,-0.0259321,-0.0314882,-0.0371827,-0.0428471,-0.0483368,-0.0535452,-0.0584064,-0.0628903,-0.0669913,-0.0707174,-0.0740817,-0.0770962,-0.07977,-0.0821082,-0.0841128,-0.0857834,-0.0871182,-0.0881145,-0.0887694,-0.0890796,-0.0890417,-0.0886519,-0.0879063,-0.0868,-0.0853278,-0.0834837,-0.0812615,-0.078655,-0.0756593,-0.0722721,-0.0684959,-0.0643396,-0.0598216,-0.0549708,-0.0498283,-0.0444478,-0.0388947,-0.0332416,-0.0275175,-0.0214109,-0.0134192,0
0,-0.000358463,-0.0013695,-0.00302328,-0.0053289,-0.00830488,-0.0119598,-0.0162706,-0.0211674,-0.0265308,-0.0322015,-0.0379995,-0.04375,-0.0493057,-0.0545617,-0.0594568,-0.0639663,-0.0680901,-0.0718402,-0.0752316,-0.0782775,-0.0809865,-0.0833629,-0.0854077,-0.0871196,-0.0884957,-0.089533,-0.0902278,-0.0905765,-0.0905754,-0.0902204,-0.0895072,-0.0884308,-0.0869854,-0.0851647,-0.0829616,-0.0803689,-0.0773802,-0.0739914,-0.0702024,-0.0660196,-0.0614581,-0.056544,-0.051316,-0.0458259,-0.0401381,-0.0343226,-0.0283964,-0.0220198,-0.0136914,0
0,-0.000369754,-0.0013918,-0.00305382,-0.00537021,-0.00836761,-0.0120607,-0.0164281,-0.0213976,-0.0268444,-0.0326013,-0.0384806,-0.0443012,-0.0499129,-0.0552111,-0.060138,-0.0646735,-0.0688217,-0.0725976,-0.0760184,-0.0790974,-0.0818432,-0.0842593,-0.0863458,-0.0881003,-0.0895195,-0.0905996,-0.0913366,-0.0917265,-0.0917652,-0.0914485,-0.0907718,-0.0897297,-0.0883163,-0.0865246,-0.0843471,-0.0817758,-0.0788031,-0.0754233,-0.0716344,-0.0674402,-0.0628535,-0.0578975,-0.0526085,-0.0470362,-0.0412436,-0.035297,-0.0291987,-0.02258,-0.0139414,0
0,-0.000368406,-0.00137613,-0.00301363,-0.0053041,-0.00828408,-0.0119752,-0.0163591,-0.0213631,-0.026859,-0.0326743,-0.0386143,-0.0444915,-0.0501519,-0.0554897,-0.0604488,-0.0650122,-0.069187,-0.0729912,-0.0764431,-0.0795569,-0.0823407,-0.0847975,-0.0869266,-0.0887251,-0.090189,-0.0913139,-0.0920955,-0.0925296,-0.0926117,-0.0923374,-0.0917017,-0.0906993,-0.0893235,-0.0875674,-0.0854228,-0.082881,-0.0799336,-0.0765738,-0.0727978,-0.0686077,-0.0640137,-0.0590367,-0.0537106,-0.0480831,-0.0422149,-0.0361674,-0.0299263,-0.0230924,-0.0141696,0
0,-0.000353131,-0.00132024,-0.00290009,-0.00512772,-0.00805074,-0.0116985,-0.0160569,-0.0210554,-0.0265653,-0.0324107,-0.0383914,-0.0443135,-0.0500174,-0.0553944,-0.0603879,-0.0649823,-0.0691869,-0.0730217,-0.0765064,-0.0796559,-0.0824785,-0.0849767,-0.0871493,-0.0889928,-0.0905029,-0.0916747,-0.0925037,-0.0929852,-0.0931146,-0.0928872,-0.092298,-0.0913408,-0.0900094,-0.088296,-0.0861922,-0.0836889,-0.0807769,-0.0774485,-0.0736988,-0.0695281,-0.0649447,-0.0599674,-0.0546278,-0.0489714,-0.0430563,-0.0369374,-0.0305813,-0.0235582,-0.0143765,0
0,-0.000323456,-0.00122394,-0.00271387,-0.00484247,-0.00766901,-0.0112311,-0.0155207,-0.0204719,-0.0259587,-0.0318048,-0.0378059,-0.0437614,-0.0495048,-0.0549221,-0.0599536,-0.0645831,-0.0688211,-0.072689,-0.0762081,-0.0793941,-0.0822557,-0.0847956,-0.0870123,-0.088902,-0.0904597,-0.0916807,-0.0925598,-0.0930922,-0.0932732,-0.0930977,-0.0925603,-0.0916551,-0.090375,-0.0887122,-0.0866579,-0.0842027,-0.081337,-0.0780521,-0.0743424,-0.0702069,-0.0656522,-0.0606954,-0.0553657,-0.0497066,-0.0437727,-0.0376107,-0.0311663,-0.0239788,-0.0145631,0
0,-0.000279863,-0.00108931,-0.00245915,-0.00445429,-0.00714568,-0.0105796,-0.0147557,-0.0196158,-0.02504,-0.0308549,-0.0368541,-0.0428307,-0.0486097,-0.054069,-0.0591431,-0.063813,-0.0680887,-0.0719926,-0.0755476,-0.0787706,-0.0816715,-0.0842531,-0.0865142,-0.0884508,-0.0900578,-0.09133,-0.0922621,-0.0928492,-0.0930862,-0.0929677,-0.0924884,-0.0916417,-0.0904206,-0.0888169,-0.0868216,-0.0844249,-0.0816168,-0.0783884,-0.0747331,-0.0706491,-0.0661418,-0.0612264,-0.0559303,-0.0502944,-0.0443692,-0.0381913,-0.0316839,-0.0243558,-0.0147299,0
0,-0.000223851,-0.00092078,-0.00214366,-0.00397371,-0.00649314,-0.00975704,-0.0137744,-0.0184972,-0.0238161,-0.0295641,-0.0355357,-0.0415185,-0.0473279,-0.0528308,-0.0579528,-0.0626692,-0.0669878,-0.0709313,-0.074524,-0.0777848,-0.0807247,-0.083348,-0.0856535,-0.0876377,-0.0892952,-0.0906208,-0.0916089,-0.0922543,-0.0925517,-0.0924959,-0.0920807,-0.0912998,-0.0901457,-0.0886101,-0.0866837,-0.0843566,-0.0816185,-0.0784602,-0.0748747,-0.0708594,-0.0664185,-0.061566,-0.0563273,-0.0507404,-0.0448508,-0.0386836,-0.0321375,-0.0246915,-0.0148784,0
0,-0.000157913,-0.000724978,-0.00177851,-0.00341581,-0.00572947,-0.0087832,-0.0125964,-0.0171342,-0.0223013,-0.0279416,-0.0338546,-0.0398242,-0.0456556,-0.0512023,-0.0563774,-0.0611473,-0.0655152,-0.069503,-0.0731361,-0.0764356,-0.0794148,-0.0820792,-0.0844291,-0.0864611,-0.0881703,-0.0895511,-0.0905979,-0.0913053,-0.0916679,-0.09168,-0.0913355,-0.0906277,-0.0895491,-0.0880911,-0.0862442,-0.0839984,-0.0813434,-0.0782697,-0.07477,-0.0708412,-0.0664869,-0.0617193,-0.0565622,-0.0510503,-0.045223,-0.0390918,-0.0325296,-0.024987,-0.0150085,0
0,-8.54053e-05,-0.000510477,-0.00137782,-0.00279984,-0.0048782,-0.00768469,-0.0112496,-0.0155534,-0.0205183,-0.0260044,-0.0318206,-0.0377508,-0.0435905,-0.0491779,-0.0544102,-0.0592411,-0.0636663,-0.0677045,-0.071382,-0.0747222,-0.077741,-0.0804464,-0.0828401,-0.08492,-0.0866815,-0.088119,-0.089227,-0.0899999,-0.090432,-0.0905176,-0.0902503,-0.0896233,-0.0886288,-0.0872582,-0.085502,-0.08335,-0.0807919,-0.0778181,-0.0744213,-0.0705981,-0.066351,-0.0616913,-0.0566405,-0.0512297,-0.0454908,-0.0394202,-0.0328639,-0.0252455,-0.015123,0
0,-1.03121e-05,-0.000287291,-0.000958073,-0.00214853,-0.00396778,-0.00649461,-0.00977009,-0.013791,-0.0185003,-0.0237791,-0.0294517,-0.0353068,-0.0411329,-0.0467524,-0.0520434,-0.0569425,-0.0614338,-0.0655307,-0.0692586,-0.0726428,-0.0757025,-0.0784489,-0.0808862,-0.0830136,-0.0848275,-0.0863229,-0.0874942,-0.0883356,-0.0888415,-0.0890058,-0.0888222,-0.0882836,-0.0873822,-0.0861093,-0.0844553,-0.0824102,-0.0799637,-0.0771062,-0.0738304,-0.0701326,-0.0660147,-0.0614867,-0.0565675,-0.0512841,-0.0456595,-0.0396727,-0.0331426,-0.0254671,-0.0152202,0
0,6.30712e-05,-6.62256e-05,-0.00053724,-0.0014871,-0.00303051,-0.00525175,-0.00820155,-0.011893,-0.0162917,-0.0213043,-0.0267768,-0.0325097,-0.0382891,-0.0439231,-0.0492684,-0.0542406,-0.0588078,-0.0629737,-0.0667604,-0.0701945,-0.0732983,-0.0760867,-0.0785673,-0.0807418,-0.082608,-0.0841617,-0.0853977,-0.0863103,-0.0868937,-0.0871418,-0.0870481,-0.0866056,-0.0858063,-0.0846417,-0.0831021,-0.0811775,-0.078858,-0.0761342,-0.0729986,-0.0694472,-0.0654815,-0.0611099,-0.0563485,-0.0512189,-0.0457339,-0.0398537,-0.0333697,-0.0256566,-0.0153051,0
0,0.000130524,0.000141905,-0.00013365,-0.000841877,-0.00210106,-0.00399905,-0.0065943,-0.00991474,-0.0139489,-0.0186324,-0.0238392,-0.0293896,-0.0350747,-0.0406923,-0.0460782,-0.0511235,-0.0557748,-0.0600214,-0.0638786,-0.0673716,-0.0705253,-0.0733588,-0.0758837,-0.078105,-0.0800231,-0.081635,-0.0829365,-0.0839222,-0.0845863,-0.0849228,-0.0849252,-0.0845862,-0.0838982,-0.0828525,-0.0814398,-0.0796503,-0.077474,-0.074902,-0.0719268,-0.0685442,-0.0647548,-0.0605652,-0.0559883,-0.051039,-0.0457184,-0.0399662,-0.033546,-0.0258112,-0.0153724,0
0,0.000188295,0.000327134,0.00023525,-0.000238704,-0.0012145,-0.00278144,-0.00500305,-0.00791934,-0.0115402,-0.0158311,-0.0206995,-0.0259938,-0.0315199,-0.0370729,-0.0424709,-0.0475791,-0.0523181,-0.0566571,-0.0605987,-0.0641636,-0.0673772,-0.0702621,-0.0728345,-0.0751038,-0.0770737,-0.0787437,-0.0801109,-0.0811709,-0.0819182,-0.0823471,-0.082451,-0.082223,-0.0816552,-0.0807394,-0.0794664,-0.0778267,-0.0758108,-0.0734096,-0.0706161,-0.0674255,-0.0638376,-0.0598567,-0.0554915,-0.0507492,-0.0456173,-0.0400143,-0.0336766,-0.0259394,-0.0154322,0
0,0.000233472,0.000481167,0.000554207,0.000298879,-0.000404008,-0.00164306,-0.00348389,-0.00597466,-0.00914291,-0.0129826,-0.0174373,-0.0223912,-0.0276761,-0.0330951,-0.0384561,-0.0436006,-0.0484206,-0.0528588,-0.0568996,-0.0605529,-0.0638412,-0.0667887,-0.069416,-0.0717373,-0.0737606,-0.0754892,-0.0769224,-0.0780574,-0.0788899,-0.0794143,-0.0796248,-0.0795144,-0.0790758,-0.0783007,-0.0771805,-0.0757058,-0.0738677,-0.0716574,-0.0690676,-0.0660933,-0.0627328,-0.0589879,-0.0548619,-0.0503528,-0.045433,-0.0399982,-0.0337581,-0.0260313,-0.0154707,0
0,0.000264247,0.000598083,0.000811337,0.000751359,0.000301518,-0.000624157,-0.00209038,-0.00414901,-0.00683985,-0.0101808,-0.014151,-0.0186754,-0.0236218,-0.0288148,-0.0340639,-0.0391941,-0.0440694,-0.0486027,-0.0527527,-0.0565122,-0.0598946,-0.0629222,-0.0656177,-0.0680001,-0.0700824,-0.0718723,-0.0733729,-0.0745841,-0.0755032,-0.0761261,-0.0764475,-0.0764611,-0.0761598,-0.0755362,-0.0745816,-0.0732875,-0.0716451,-0.0696459,-0.0672825,-0.0645494,-0.0614429,-0.0579614,-0.0541021,-0.0498522,-0.0451676,-0.0399213,-0.0337981,-0.0261032,-0.0155093,0
0,0.000280053,0.000674785,0.000999045,0.00110472,0.000879617,0.000241998,-0.000869418,-0.00250581,-0.00471294,-0.00752587,-0.0109542,-0.0149642,-0.0194672,-0.0243227,-0.0293569,-0.0343909,-0.0392676,-0.04387,-0.0481262,-0.0520044,-0.0555017,-0.058632,-0.0614166,-0.0638766,-0.0660299,-0.0678891,-0.0694622,-0.0707528,-0.0717612,-0.0724856,-0.072922,-0.0730654,-0.0729095,-0.0724474,-0.0716713,-0.0705729,-0.069144,-0.0673763,-0.0652621,-0.062795,-0.059969,-0.0567781,-0.0532121,-0.0492462,-0.0448182,-0.0397772,-0.0337832,-0.0261292,-0.0155153,0
0,0.000281532,0.000711152,0.00111452,0.00135145,0.00131594,0.000931709,0.00014272,-0.00109795,-0.00283589,-0.00511489,-0.00796673,-0.011394,-0.0153536,-0.0197499,-0.0244418,-0.0292636,-0.0340504,-0.0386617,-0.042995,-0.0469881,-0.050614,-0.0538706,-0.0567706,-0.0593335,-0.0615788,-0.0635238,-0.0651813,-0.0665597,-0.0676638,-0.0684948,-0.0690516,-0.069331,-0.0693282,-0.0690375,-0.068452,-0.0675641,-0.0663659,-0.0648495,-0.0630066,-0.0608295,-0.0583095,-0.0554354,-0.0521884,-0.0485307,-0.0443815,-0.0395673,-0.0337265,-0.0261436,-0.0155353,0
0,0.000270353,0.000709831,0.00115975,0.00149089,0.00160515,0.00143254,0.000923289,3.70406e-05,-0.00126664,-0.00303215,-0.00530291,-0.00810809,-0.0114453,-0.0152672,-0.0194777,-0.0239422,-0.0285069,-0.0330222,-0.0373617,-0.0414329,-0.0451793,-0.0485745,-0.051615,-0.0543108,-0.0566785,-0.0587364,-0.060501,-0.0619853,-0.0631989,-0.0641475,-0.0648339,-0.065258,-0.0654175,-0.0653085,-0.0649255,-0.0642621,-0.063311,-0.0620643,-0.0605133,-0.0586485,-0.0564579,-0.0539243,-0.0510196,-0.0476917,-0.0438403,-0.039268,-0.0335897,-0.0260816,-0.0154931,0
0,0.000248899,0.000675711,0.00114093,0.00152891,0.00175088,0.00174383,0.00146456,0.000880239,-4.14372e-05,-0.00133896,-0.00305718,-0.00523929,-0.00791254,-0.0110725,-0.0146727,-0.0186232,-0.0228012,-0.0270681,-0.0312893,-0.0353504,-0.0391661,-0.0426816,-0.0458691,-0.048721,-0.0512434,-0.0534495,-0.0553553,-0.0569762,-0.0583255,-0.0594137,-0.0602478,-0.060832,-0.0611675,-0.0612533,-0.0610863,-0.0606616,-0.059973,-0.0590128,-0.057772,-0.0562389,-0.0543979,-0.0522258,-0.0496845,-0.0467082,-0.043178,-0.038876,-0.0333998,-0.0260198,-0.0154923,0
0,0.000219903,0.000615169,0.00106756,0.00147684,0.00176483,0.00187601,0.0017736,0.00143213,0.000828372,-6.65754e-05,-0.00129106,-0.00289017,-0.00490626,-0.00736543,-0.0102643,-0.0135623,-0.0171811,-0.0210138,-0.0249395,-0.0288392,-0.0326094,-0.0361699,-0.039466,-0.0424665,-0.0451585,-0.0475426,-0.0496272,-0.0514249,-0.0529494,-0.0542133,-0.0552274,-0.0559997,-0.0565355,-0.0568374,-0.0569052,-0.0567367,-0.0563273,-0.05567,-0.0547554,-0.0535703,-0.0520955,-0.0503015,-0.0481406,-0.045533,-0.0423408,-0.0383228,-0.0330543,-0.0257993,-0.0153571,0
0,0.000186079,0.000535237,0.000951159,0.00135003,0.00166515,0.00184887,0.00187053,0.00171117,0.00135591,0.0007863,-2.53104e-05,-0.00111692,-0.00253241,-0.00431219,-0.00648177,-0.00904143,-0.0119602,-0.0151755,-0.0186002,-0.022133,-0.025672,-0.029125,-0.0324174,-0.0354942,-0.03832,-0.0408761,-0.0431562,-0.0451627,-0.0469033,-0.0483882,-0.0496278,-0.0506319,-0.0514081,-0.051962,-0.0522964,-0.0524115,-0.0523049,-0.0519708,-0.0514001,-0.0505785,-0.0494841,-0.0480827,-0.0463188,-0.0441017,-0.0412796,-0.0375968,-0.0326169,-0.0255974,-0.0153192,0
0,0.000149858,0.000442865,0.000804071,0.00116619,0.00147446,0.00168931,0.00178591,0.00175068,0.00157546,0.00125095,0.000760773,7.82829e-05,-0.000832568,-0.00201222,-0.00349764,-0.00531364,-0.0074654,-0.00993371,-0.0126743,-0.0156219,-0.0186977,-0.0218188,-0.0249072,-0.0278954,-0.0307305,-0.0333743,-0.0358024,-0.0380015,-0.0399671,-0.0417002,-0.0432055,-0.0444889,-0.0455567,-0.0464139,-0.0470638,-0.0475074,-0.047743,-0.0477656,-0.0475662,-0.0471301,-0.0464338,-0.0454398,-0.0440871,-0.0422758,-0.0398401,-0.0365046,-0.0318127,-0.0250204,-0.0149718,0
0,0.00011327,0.0003445,0.000638585,0.000944087,0.00121805,0.00142907,0.00155787,0.00159518,0.00153767,0.00138274,0.00112331,0.00074417,0.000220839,-0.000478393,-0.00138804,-0.00253979,-0.00395676,-0.00564854,-0.00760761,-0.00980803,-0.0122073,-0.0147506,-0.0173772,-0.0200263,-0.0226424,-0.0251783,-0.0275968,-0.0298707,-0.0319814,-0.0339176,-0.0356734,-0.0372459,-0.0386343,-0.0398381,-0.0408558,-0.0416849,-0.0423202,-0.042754,-0.0429749,-0.0429664,-0.0427038,-0.0421488,-0.0412403,-0.0398786,-0.0378988,-0.0350279,-0.0308109,-0.0244916,-0.0148392,0
0,7.80681e-05,0.000246156,0.000466753,0.000702898,0.000922866,0.00110326,0.00123002,0.00129735,0.00130496,0.00125431,0.00114453,0.000969208,0.000714755,0.000360793,-0.000117655,-0.000747069,-0.00155212,-0.00255251,-0.00376008,-0.00517631,-0.00679097,-0.00858237,-0.0105193,-0.0125644,-0.0146776,-0.0168199,-0.018956,-0.0210556,-0.023094,-0.0250522,-0.0269157,-0.0286731,-0.030315,-0.0318326,-0.033216,-0.0344538,-0.0355322,-0.0364342,-0.0371399,-0.0376248,-0.0378578,-0.0377965,-0.0373777,-0.036501,-0.0350008,-0.0326012,-0.0288464,-0.0230056,-0.0139573,0
0,4.61201e-05,0.000154078,0.00030107,0.000462768,0.00061774,0.000750148,0.00085078,0.000916554,0.000948768,0.000950563,0.000924155,0.000868463,0.000777717,0.000641313,0.000444777,0.000171335,-0.000196477,-0.000675353,-0.00127985,-0.00202095,-0.00290469,-0.00393114,-0.00509409,-0.00638161,-0.00777737,-0.00926241,-0.010817,-0.0124221,-0.0140608,-0.0157185,-0.0173829,-0.0190431,-0.0206892,-0.0223099,-0.0238918,-0.0254174,-0.0268647,-0.0282061,-0.0294084,-0.0304333,-0.0312366,-0.0317661,-0.0319558,-0.0317138,-0.0308983,-0.0292729,-0.0264247,-0.0216183,-0.0135502,0
0,2.00008e-05,7.58199e-05,0.000155876,0.00024638,0.000335002,0.000412751,0.000474686,0.000519666,0.000549355,0.000566754,0.000574602,0.000573994,0.000563524,0.000539101,0.000494366,0.000421404,0.00031144,0.000155341,-5.59863e-05,-0.000331169,-0.000677813,-0.0011019,-0.00160733,-0.00219563,-0.00286613,-0.0036164,-0.0044429,-0.00534191,-0.00631023,-0.00734584,-0.00844805,-0.00961728,-0.0108543,-0.0121586,-0.0135271,-0.0149514,-0.016416,-0.0178966,-0.0193582,-0.0207552,-0.0220301,-0.0231128,-0.0239166,-0.0243301,-0.0242007,-0.0233033,-0.0212836,-0.0175564,-0.0111155,0
0,3.3942e-06,2.10066e-05,4.86988e-05,8.10233e-05,0.000113203,0.0001419,0.000165459,0.000183793,0.000197967,0.00020962,0.000220359,0.00023123,0.000242402,0.000253095,0.00026172,0.000266119,0.000263775,0.000251902,0.000227473,0.000187233,0.000127781,4.57096e-05,-6.22118e-05,-0.000198888,-0.000366807,-0.000568071,-0.000804564,-0.00107828,-0.00139176,-0.00174861,-0.00215392,-0.00261456,-0.0031392,-0.0037378,-0.00442069,-0.00519708,-0.00607315,-0.00705001,-0.0081217,-0.00927358,-0.0104809,-0.0117073,-0.0129018,-0.0139925,-0.0148736,-0.0153761,-0.0152028,-0.013768,-0.00976804,0
0,0,0,0,0,0,0,0,0,0,0,0,0,0,0,0,0,0,0,0,0,0,0,0,0,0,0,0,0,0,0,0,0,0,0,0,0,0,0,0,0,0,0,0,0,0,0,0,0,0,0
