0,0,0,0,0,0,0,0,0,0,0,0,0,0,0,0,0,0,0,0,0,0,0,0,0,0,0,0,0,0,0,0,0,0,0,0,0,0,0,0,0,0,0,0,0,0,0,0,0,0,0
0,3.72709e-06,1.2466e-05,2.20796e-05,2.98531e-05,3.44633e-05,3.54846e-05,3.29443e-05,2.69994e-05,1.77379e-05,5.09103e-06,-1.11613e-05,-3.13254e-05,-5.56986e-05,-8.44718e-05,-0.000117642,-0.000154941,-0.00019578,-0.000239209,-0.000283903,-0.000328174,-0.000370022,-0.000407216,-0.000437423,-0.000458361,-0.000467978,-0.000464656,-0.000447397,-0.000415999,-0.000371173,-0.0003146,-0.000248886,-0.000177418,-0.000104105,-3.30442e-05,3.18701e-05,8.73276e-05,0.000130921,0.000161346,0.000178447,0.000183115,0.000177043,0.000162416,0.00014158,0.000116767,8.99465e-05,6.28827e-05,3.74437e-05,1.61497e-05,2.57296e-06,0
0,1.25882e-05,3.697e-05,6.18747e-05,7.98727e-05,8.69221e-05,8.13098e-05,6.26073e-05,3.08458e-05,-1.40191e-05,-7.23403e-05,-0.000144747,-0.000231928,-0.000334323,-0.00045181,-0.000583439,-0.000727236,-0.00088009,-0.00103773,-0.00119481,-0.0013451,-0.00148175,-0.00159769,-0.00168604,-0.00174058,-0.00175622,-0.00172944,-0.00165866,-0.00154456,-0.00139021,-0.00120114,-0.000985121,-0.000751811,-0.000512176,-0.000277711,-5.95605e-05,0.000132407,0.000290433,0.0004095,0.000487653,0.000525953,0.000528065,0.000499574,0.000447147,0.000377749,0.000298116,0.000214709,0.000134276,6.48895e-05,1.66656e-05,0
0,2.24183e-05,6.18118e-05,9.83028e-05,0.000119087,0.000116884,8.81737e-05,3.15697e-05,-5.34659e-05,-0.000167446,-0.00031118,-0.000485629,-0.000691454,-0.000928417,-0.00119482,-0.00148706,-0.00179941,-0.00212397,-0.00245085,-0.00276855,-0.00306455,-0.0033259,-0.00354001,-0.00369532,-0.00378204,-0.00379272,-0.0037228,-0.00357104,-0.00333985,-0.0030354,-0.00266767,-0.00225015,-0.00179933,-0.00133396,-0.000873879,-0.000438778,-4.67312e-05,0.000287204,0.000552169,0.000742299,0.000856973,0.000900483,0.000881152,0.000810106,0.000699953,0.000563755,0.000414653,0.000266414,0.00013476,3.86868e-05,0
0,2.99847e-05,7.76173e-05,0.000114486,0.000122617,9.15258e-05,1.56617e-05,-0.000107702,-0.000280063,-0.000502651,-0.000776681,-0.00110299,-0.00148128,-0.00190919,-0.00238163,-0.00289026,-0.00342351,-0.00396677,-0.00450308,-0.00501394,-0.00548025,-0.00588331,-0.00620572,-0.00643221,-0.00655034,-0.0065511,-0.0064294,-0.0061845,-0.00582034,-0.00534578,-0.00477462,-0.00412547,-0.0034212,-0.00268814,-0.00195473,-0.00124992,-0.000601187,-3.25785e-05,0.000437199,0.000796168,0.00103985,0.00117121,0.00119982,0.0011404,0.00101108,0.000831795,0.00062353,0.00040856,0.000211954,6.36513e-05,0
0,3.28377e-05,7.68321e-05,9.66163e-05,7.00731e-05,-1.60363e-05,-0.000169289,-0.000393984,-0.000692805,-0.00106769,-0.00151986,-0.00204909,-0.00265267,-0.00332434,-0.00405358,-0.00482549,-0.00562112,-0.00641831,-0.00719284,-0.00791961,-0.00857387,-0.00913225,-0.00957369,-0.00988008,-0.0100369,-0.0100338,-0.00986479,-0.00952903,-0.00903105,-0.00838123,-0.00759599,-0.0066979,-0.00571528,-0.00468149,-0.00363355,-0.00261023,-0.00164965,-0.000786559,-4.96885e-05,0.000540511,0.000973333,0.00124827,0.00137437,0.00136869,0.00125422,0.00105781,0.000808851,0.000539178,0.000284556,8.74065e-05,0
0,2.89177e-05,5.30897e-05,3.31786e-05,-5.52971e-05,-0.000227538,-0.000492977,-0.000857551,-0.0013251,-0.00189791,-0.00257635,-0.00335779,-0.0042354,-0.00519713,-0.00622545,-0.00729772,-0.00838716,-0.00946432,-0.0104985,-0.0114591,-0.0123169,-0.0130451,-0.0136196,-0.0140201,-0.01423,-0.0142373,-0.0140347,-0.0136204,-0.0129984,-0.0121791,-0.0111801,-0.0100263,-0.00875004,-0.00739062,-0.00599304,-0.00460611,-0.0032796,-0.00206085,-0.000991082,-0.000102079,0.000586401,0.00106784,0.00134872,0.00144704,0.00138985,0.00121071,0.00094775,0.000643146,0.00034438,0.000107269,0
0,1.63689e-05,9.373e-07,-8.53011e-05,-0.000266773,-0.00055961,-0.000974802,-0.00151979,-0.00219923,-0.003015,-0.00396537,-0.00504373,-0.00623741,-0.00752715,-0.00888745,-0.0102877,-0.0116937,-0.0130695,-0.0143792,-0.0155878,-0.0166626,-0.0175739,-0.0182956,-0.018805,-0.0190841,-0.0191192,-0.0189012,-0.0184269,-0.0176986,-0.0167257,-0.015525,-0.0141217,-0.0125499,-0.0108527,-0.00908142,-0.0072942,-0.00555279,-0.00391868,-0.00244839,-0.00118852,-0.000171675,0.000586132,0.00108612,0.00134536,0.00139407,0.00127232,0.00102736,0.000712368,0.000387376,0.000122097,0
0,-6.45212e-06,-8.40839e-05,-0.000266063,-0.000573865,-0.00102339,-0.00162676,-0.00239257,-0.00332563,-0.0044263,-0.00568929,-0.00710241,-0.00864581,-0.0102921,-0.0120077,-0.0137543,-0.0154911,-0.0171768,-0.0187709,-0.020235,-0.0215339,-0.0226357,-0.0235127,-0.0241414,-0.0245024,-0.0245809,-0.0243666,-0.0238544,-0.0230447,-0.0219442,-0.0205673,-0.018937,-0.017086,-0.0150581,-0.0129079,-0.0107003,-0.0085079,-0.00640681,-0.00447117,-0.00276643,-0.00134303,-0.000231505,0.000559823,0.00104423,0.00125358,0.00123418,0.00104284,0.000744646,0.00041301,0.000132026,0
0,-4.08537e-05,-0.000205146,-0.000513696,-0.000981831,-0.00162399,-0.00245292,-0.00347777,-0.00470256,-0.00612476,-0.00773406,-0.00951132,-0.0114286,-0.0134501,-0.0155343,-0.0176358,-0.019708,-0.0217047,-0.023582,-0.0252987,-0.026818,-0.0281072,-0.0291383,-0.0298877,-0.0303364,-0.0304692,-0.0302755,-0.0297486,-0.0288866,-0.0276931,-0.0261783,-0.0243603,-0.0222677,-0.0199406,-0.0174323,-0.0148101,-0.0121538,-0.00955248,-0.00709847,-0.0048795,-0.00296947,-0.00142032,-0.000256522,0.000526305,0.000958725,0.00109228,0.000993793,0.000741345,0.000422941,0.000137977,0
0,-8.76416e-05,-0.000363787,-0.000829702,-0.00149125,-0.00236016,-0.00344919,-0.00476724,-0.00631632,-0.00808965,-0.0100705,-0.0122318,-0.0145369,-0.0169417,-0.019397,-0.0218507,-0.0242511,-0.026548,-0.0286944,-0.0306481,-0.0323717,-0.0338332,-0.0350059,-0.035868,-0.0364017,-0.0365933,-0.0364323,-0.0359114,-0.0350268,-0.0337788,-0.0321724,-0.0302197,-0.0279417,-0.0253709,-0.0225543,-0.0195554,-0.0164552,-0.0133504,-0.0103494,-0.00756273,-0.0050927,-0.00302041,-0.00139558,-0.000231057,0.000496606,0.000841411,0.000879948,0.000704496,0.000419406,0.000141088,0
0,-0.000146962,-0.000559621,-0.0012122,-0.0020978,-0.00322424,-0.0046035,-0.00624325,-0.00814223,-0.010288,-0.0126563,-0.0152114,-0.0179077,-0.0206928,-0.02351,-0.0263014,-0.0290104,-0.0315835,-0.0339727,-0.0361354,-0.0380358,-0.0396443,-0.0409371,-0.0418952,-0.0425039,-0.0427517,-0.0426293,-0.0421299,-0.0412485,-0.0399823,-0.0383318,-0.0363022,-0.0339056,-0.0311641,-0.0281135,-0.0248071,-0.0213194,-0.0177468,-0.0142064,-0.0108287,-0.00774516,-0.00507274,-0.00289692,-0.0012594,-0.000153728,0.00047044,0.000697305,0.000634101,0.000403701,0.000142198,0
0,-0.000218189,-0.000790185,-0.00165587,-0.00279243,-0.00420251,-0.00589646,-0.00787961,-0.0101461,-0.0126767,-0.0154387,-0.018387,-0.0214672,-0.0246185,-0.0277773,-0.0308801,-0.0338665,-0.0366816,-0.0392771,-0.0416125,-0.0436551,-0.0453792,-0.0467651,-0.047798,-0.0484669,-0.0487631,-0.0486796,-0.0482106,-0.0473506,-0.0460954,-0.0444416,-0.0423883,-0.0399392,-0.0371048,-0.0339071,-0.0303843,-0.0265966,-0.0226306,-0.0186016,-0.0146507,-0.0109345,-0.00760773,-0.00480051,-0.00259709,-0.00102217,-3.99409e-05,0.00043579,0.000526317,0.000375138,0.000141499,0
0,-0.000299888,-0.00105096,-0.00215213,-0.00356172,-0.00527591,-0.00730244,-0.00964316,-0.0122864,-0.0152051,-0.0183573,-0.0216884,-0.0251351,-0.0286285,-0.0320986,-0.0354773,-0.0387022,-0.041718,-0.0444788,-0.0469475,-0.0490959,-0.0509035,-0.0523555,-0.0534417,-0.0541548,-0.0544895,-0.0544411,-0.0540052,-0.0531771,-0.0519517,-0.0503236,-0.0482877,-0.0458406,-0.0429829,-0.0397225,-0.0360804,-0.0320972,-0.0278408,-0.0234129,-0.018952,-0.0146287,-0.0106302,-0.00713495,-0.00428191,-0.00214406,-0.000716237,7.89963e-05,0.000372928,0.000330681,0.000138422,0
0,-0.000389852,-0.00133557,-0.00268957,-0.0043886,-0.00642108,-0.00879101,-0.0114957,-0.0145165,-0.0178177,-0.0213478,-0.0250426,-0.0288298,-0.0326332,-0.0363774,-0.0399913,-0.0434119,-0.046586,-0.0494713,-0.052036,-0.0542575,-0.0561207,-0.0576158,-0.0587372,-0.0594811,-0.059845,-0.0598265,-0.0594227,-0.05863,-0.0574436,-0.0558574,-0.0538641,-0.0514561,-0.0486265,-0.045372,-0.0416972,-0.0376217,-0.0331891,-0.0284773,-0.0236079,-0.018749,-0.0141072,-0.0099044,-0.00634054,-0.00355328,-0.00158842,-0.00039407,0.000162067,0.00026524,0.00013173,0
0,-0.000485224,-0.0016361,-0.00325454,-0.00525331,-0.00761159,-0.0103286,-0.0133958,-0.0167871,-0.0204575,-0.0243454,-0.0283775,-0.0324731,-0.0365496,-0.0405274,-0.0443345,-0.0479092,-0.0512022,-0.0541765,-0.0568062,-0.0590749,-0.0609728,-0.062495,-0.0636393,-0.0644049,-0.0647916,-0.0647986,-0.0644244,-0.0636664,-0.0625207,-0.0609817,-0.0590418,-0.0566917,-0.0539205,-0.0507175,-0.0470746,-0.0429927,-0.0384901,-0.0336153,-0.0284606,-0.0231746,-0.0179641,-0.0130794,-0.00877831,-0.00527409,-0.00268466,-0.00100605,-0.000120281,0.000172345,0.000119741,0
0,-0.000582677,-0.00194359,-0.00383191,-0.00613436,-0.00881931,-0.01188,-0.0153014,-0.0190491,-0.0230685,-0.0272885,-0.0316266,-0.0359948,-0.0403055,-0.0444769,-0.0484377,-0.0521296,-0.0555086,-0.0585439,-0.0612161,-0.0635146,-0.0654344,-0.0669745,-0.0681356,-0.0689189,-0.0693254,-0.0693555,-0.0690087,-0.0682832,-0.0671761,-0.0656827,-0.0637967,-0.0615088,-0.0588075,-0.0556783,-0.0521059,-0.048077,-0.0435884,-0.0386584,-0.0333438,-0.027759,-0.0220902,-0.0165943,-0.0115724,-0.0073138,-0.00402583,-0.00177794,-0.00048859,4.49059e-05,0.000100542,0
0,-0.000678639,-0.00224849,-0.00440582,-0.00700956,-0.0100157,-0.0134103,-0.0171712,-0.0212553,-0.0255985,-0.0301206,-0.0347309,-0.0393352,-0.0438425,-0.0481707,-0.052251,-0.0560301,-0.0594701,-0.0625469,-0.0652474,-0.067566,-0.069502,-0.0710572,-0.072234,-0.0730349,-0.0734615,-0.0735148,-0.0731944,-0.0724994,-0.0714276,-0.0699755,-0.0681382,-0.0659081,-0.0632749,-0.0602241,-0.0567373,-0.0527936,-0.048374,-0.0434712,-0.0381063,-0.0323512,-0.0263538,-0.0203533,-0.01467,-0.00965778,-0.0056207,-0.00272601,-0.000956225,-0.000124178,7.21355e-05,0
0,-0.000769531,-0.00254125,-0.00496045,-0.00785707,-0.011173,-0.0148861,-0.0189665,-0.0233625,-0.028001,-0.0327932,-0.0376412,-0.0424465,-0.0471161,-0.0515695,-0.0557417,-0.0595854,-0.0630693,-0.0661758,-0.0688974,-0.0712328,-0.0731844,-0.0747559,-0.0759509,-0.0767721,-0.0772213,-0.0772994,-0.0770062,-0.0763408,-0.0753018,-0.0738866,-0.0720916,-0.0699115,-0.0673379,-0.0643588,-0.0609565,-0.0571076,-0.0527845,-0.0479618,-0.0426294,-0.0368161,-0.0306207,-0.0242425,-0.0179934,-0.0122681,-0.00746258,-0.00385904,-0.00153404,-0.000341515,3.25242e-05,0
0,-0.000852,-0.00281274,-0.00548072,-0.00865618,-0.0122653,-0.0162766,-0.0206525,-0.0253328,-0.0302361,-0.0352658,-0.0403186,-0.0452926,-0.050095,-0.0546477,-0.058891,-0.0627837,-0.0663011,-0.0694315,-0.072172,-0.074525,-0.0764948,-0.0780863,-0.0793035,-0.080149,-0.0806243,-0.0807301,-0.0804659,-0.0798308,-0.0788236,-0.0774423,-0.0756846,-0.0735468,-0.0710232,-0.0681047,-0.0647768,-0.0610177,-0.0567974,-0.0520802,-0.0468335,-0.041048,-0.0347703,-0.0281451,-0.0214485,-0.0150865,-0.00952796,-0.00517614,-0.00222902,-0.000612744,-2.02181e-05,0
0,-0.000923111,-0.00305473,-0.00595283,-0.00938805,-0.0132692,-0.0175548,-0.0221991,-0.0271341,-0.0322709,-0.0375066,-0.0427335,-0.0478481,-0.0527585,-0.0573907,-0.0616902,-0.065622,-0.0691675,-0.0723201,-0.0750807,-0.0774541,-0.0794461,-0.081062,-0.0823057,-0.0831797,-0.0836849,-0.0838215,-0.0835888,-0.0829857,-0.0820109,-0.0806628,-0.0789396,-0.076839,-0.0743575,-0.071489,-0.0682229,-0.0645415,-0.0604169,-0.0558104,-0.0506762,-0.0449756,-0.0387075,-0.0319548,-0.0249374,-0.0180405,-0.0117779,-0.00666564,-0.00304308,-0.000941974,-8.78405e-05,0
0,-0.000980504,-0.00326019,-0.00636477,-0.0100362,-0.0141646,-0.0186974,-0.0235809,-0.0287402,-0.0340797,-0.0394915,-0.044865,-0.0500959,-0.0550948,-0.0597914,-0.064137,-0.0681024,-0.071674,-0.0748495,-0.0776328,-0.0800302,-0.0820485,-0.0836928,-0.084967,-0.085873,-0.0864114,-0.0865819,-0.0863835,-0.0858147,-0.0848741,-0.0835602,-0.0818713,-0.079806,-0.0773621,-0.074536,-0.0713208,-0.0677038,-0.0636619,-0.0591589,-0.054144,-0.0485597,-0.0423658,-0.0355851,-0.0283684,-0.0210524,-0.0141618,-0.00830541,-0.00397225,-0.00133125,-0.000171767,0
0,-0.00102249,-0.00342356,-0.00670658,-0.0105868,-0.0149346,-0.0196855,-0.024778,-0.0301308,-0.0356433,-0.0412036,-0.046699,-0.0520261,-0.0570977,-0.061848,-0.0662333,-0.0702294,-0.0738272,-0.0770274,-0.0798362,-0.0822609,-0.0843087,-0.0859848,-0.0872925,-0.0882333,-0.0888076,-0.0890146,-0.088853,-0.0883212,-0.0874174,-0.08614,-0.0844873,-0.082458,-0.0800506,-0.0772632,-0.074092,-0.0705286,-0.0665562,-0.0621439,-0.0572428,-0.0517864,-0.0457065,-0.0389732,-0.0316642,-0.0240468,-0.016623,-0.0100647,-0.00500659,-0.00178015,-0.000272952,0
0,-0.00104808,-0.00354086,-0.00697061,-0.011029,-0.015566,-0.0205043,-0.0257748,-0.031291,-0.036948,-0.0426313,-0.0482273,-0.0536334,-0.0587654,-0.0635616,-0.0679825,-0.0720081,-0.0756329,-0.0788598,-0.0816965,-0.0841512,-0.086231,-0.0879409,-0.089284,-0.0902617,-0.0908737,-0.0911193,-0.0909969,-0.0905047,-0.0896407,-0.088403,-0.0867896,-0.0847991,-0.0824301,-0.0796815,-0.0765514,-0.0730353,-0.0691219,-0.0647875,-0.059989,-0.0546593,-0.0487134,-0.0420795,-0.0347655,-0.0269572,-0.0191043,-0.0119074,-0.00613088,-0.00228563,-0.000391749,0
0,-0.001057,-0.00360979,-0.00715154,-0.0113547,-0.0160488,-0.021143,-0.0265606,-0.0322106,-0.0379851,-0.0437679,-0.0494453,-0.0549161,-0.0600987,-0.0649349,-0.0693887,-0.0734435,-0.077096,-0.0803513,-0.0832177,-0.0857039,-0.087817,-0.089562,-0.0909416,-0.0919571,-0.0926082,-0.092894,-0.0928128,-0.0923628,-0.0915416,-0.0903471,-0.0887771,-0.0868294,-0.0845027,-0.0817959,-0.0787081,-0.0752373,-0.0713769,-0.0671104,-0.0624028,-0.0571918,-0.0513859,-0.0448837,-0.0376317,-0.02973,-0.021553,-0.0137952,-0.00732602,-0.00284216,-0.00052785,0
0,-0.00104963,-0.00362965,-0.00724648,-0.0115589,-0.0163765,-0.0215943,-0.0271282,-0.0328832,-0.0387496,-0.0446103,-0.0503519,-0.0558747,-0.0610996,-0.065971,-0.0704557,-0.0745392,-0.0782203,-0.0815048,-0.0844018,-0.0869201,-0.089067,-0.0908473,-0.0922638,-0.0933177,-0.0940087,-0.0943358,-0.0942976,-0.093892,-0.0931167,-0.0919691,-0.0904466,-0.0885468,-0.0862675,-0.0836076,-0.0805662,-0.0771427,-0.073334,-0.0691298,-0.0645037,-0.0594018,-0.0537339,-0.0473806,-0.0402388,-0.0323253,-0.0239241,-0.0156911,-0.0085708,-0.00344221,-0.00068028,0
0,-0.00102694,-0.00360133,-0.00725483,-0.0116391,-0.0165456,-0.0218547,-0.0274743,-0.0333063,-0.0392399,-0.0451579,-0.0509478,-0.0565112,-0.0617709,-0.0666732,-0.0711867,-0.0752985,-0.079008,-0.0823219,-0.0852495,-0.0877999,-0.0899802,-0.0917955,-0.0932487,-0.0943409,-0.0950722,-0.0954416,-0.0954478,-0.0950888,-0.0943621,-0.093265,-0.0917946,-0.0899478,-0.0877219,-0.085115,-0.0821262,-0.0787551,-0.075001,-0.0708582,-0.0663084,-0.0613076,-0.0557722,-0.0495752,-0.0425763,-0.0347166,-0.0261818,-0.0175621,-0.00984378,-0.00407693,-0.000847471,0
0,-0.00099038,-0.00352716,-0.00717828,-0.0115959,-0.0165558,-0.0219233,-0.0275984,-0.0334801,-0.039457,-0.0454127,-0.0512355,-0.0568285,-0.0621157,-0.0670445,-0.0715845,-0.0757232,-0.0794606,-0.0828033,-0.0857609,-0.0883424,-0.0905553,-0.0924047,-0.0938937,-0.0950239,-0.0957956,-0.096208,-0.0962599,-0.0959494,-0.095274,-0.094231,-0.092817,-0.0910285,-0.0888622,-0.0863155,-0.0833867,-0.0800755,-0.076382,-0.072304,-0.0678298,-0.0629254,-0.0575172,-0.0514783,-0.0446436,-0.036889,-0.0283001,-0.0193804,-0.0111249,-0.0047369,-0.00102738,0
0,-0.000941783,-0.00341075,-0.00702065,-0.0114323,-0.0164092,-0.0218023,-0.027503,-0.0334074,-0.0394043,-0.0453782,-0.0512188,-0.0568302,-0.0621372,-0.0670876,-0.071651,-0.0758147,-0.0795784,-0.0829487,-0.0859348,-0.0885461,-0.0907901,-0.0926723,-0.0941962,-0.0953638,-0.0961757,-0.0966315,-0.0967301,-0.0964699,-0.0958485,-0.0948629,-0.0935096,-0.0917847,-0.0896845,-0.0872053,-0.084345,-0.0811025,-0.0774782,-0.0734719,-0.0690771,-0.0642688,-0.0589846,-0.0531038,-0.0464468,-0.0388365,-0.0302619,-0.0211244,-0.0123967,-0.00541294,-0.00121767,0
0,-0.000883256,-0.00325681,-0.00678773,-0.0111538,-0.0161109,-0.0214965,-0.0271931,-0.0330936,-0.0390872,-0.0450597,-0.0509025,-0.0565205,-0.0618387,-0.0668048,-0.0713875,-0.0755734,-0.0793612,-0.082757,-0.0857698,-0.0884089,-0.0906822,-0.0925956,-0.0941531,-0.0953571,-0.0962088,-0.0967082,-0.0968545,-0.0966463,-0.0960812,-0.0951563,-0.093868,-0.0922121,-0.0901842,-0.0877803,-0.0849973,-0.0818333,-0.0782887,-0.074364,-0.0700563,-0.0653482,-0.0601885,-0.0544661,-0.0479961,-0.0405601,-0.0320579,-0.0227788,-0.0136452,-0.00609681,-0.00141584,0
0,-0.000817071,-0.00307098,-0.00648719,-0.0107684,-0.0156686,-0.0210135,-0.0266762,-0.0325463,-0.038513,-0.0444642,-0.0502928,-0.0559044,-0.0612241,-0.0661985,-0.0707953,-0.0749993,-0.078808,-0.0822266,-0.0852635,-0.0879281,-0.0902284,-0.0921711,-0.0937606,-0.095,-0.0958909,-0.0964339,-0.0966286,-0.0964738,-0.0959673,-0.0951064,-0.0938872,-0.0923055,-0.0903565,-0.0880357,-0.0853392,-0.0822645,-0.0788112,-0.0749802,-0.0707706,-0.066171,-0.0611404,-0.0555791,-0.0493036,-0.0420656,-0.0336849,-0.024334,-0.0148601,-0.00678171,-0.00161949,0
0,-0.000745565,-0.00285957,-0.00612829,-0.0102866,-0.0150928,-0.0203634,-0.0259624,-0.0317753,-0.0376915,-0.0436006,-0.0493972,-0.054988,-0.0602976,-0.0652715,-0.0698754,-0.0740922,-0.0779175,-0.0813552,-0.0844131,-0.0871003,-0.0894252,-0.0913948,-0.0930144,-0.0942878,-0.0952171,-0.0958035,-0.0960471,-0.095947,-0.0955013,-0.0947074,-0.0935615,-0.0920592,-0.0901957,-0.087966,-0.0853656,-0.0823914,-0.0790422,-0.0753187,-0.0712211,-0.0667422,-0.0618493,-0.056455,-0.0503817,-0.0433614,-0.0351443,-0.0257854,-0.0160351,-0.0074628,-0.0018264,0
0,-0.000671042,-0.00262934,-0.00572172,-0.00972101,-0.0143964,-0.0195591,-0.0250644,-0.0307932,-0.0366345,-0.0424797,-0.0482253,-0.0537789,-0.059065,-0.0640273,-0.0686295,-0.0728519,-0.0766881,-0.0801401,-0.083215,-0.0859213,-0.0882677,-0.0902617,-0.0919094,-0.093215,-0.0941816,-0.094811,-0.0951038,-0.0950595,-0.0946766,-0.0939526,-0.092884,-0.0914665,-0.0896951,-0.0875647,-0.0850704,-0.0822085,-0.0789771,-0.0753764,-0.071407,-0.0670642,-0.0623221,-0.0571044,-0.0512427,-0.0444578,-0.0364411,-0.0271325,-0.0171675,-0.00813748,-0.00203481,0
0,-0.000595692,-0.00238727,-0.00527926,-0.00908641,-0.0135954,-0.0186164,-0.0239978,-0.0296152,-0.0353566,-0.0411149,-0.0467887,-0.0522868,-0.0575332,-0.0624706,-0.0670598,-0.0712787,-0.0751183,-0.0785786,-0.0816653,-0.0843864,-0.0867507,-0.0887661,-0.0904391,-0.091775,-0.0927776,-0.0934492,-0.0937912,-0.0938036,-0.0934853,-0.0928342,-0.091847,-0.0905196,-0.0888471,-0.0868244,-0.0844465,-0.0817093,-0.0786104,-0.0751492,-0.0713261,-0.0671378,-0.0625633,-0.0575359,-0.0518977,-0.0453652,-0.0375823,-0.0283783,-0.0182584,-0.00880578,-0.00224358,0
0,-0.000521521,-0.00214026,-0.00481341,-0.00839946,-0.0127084,-0.0175546,-0.0227814,-0.0282596,-0.0338753,-0.0395226,-0.045102,-0.0505238,-0.0557121,-0.0606081,-0.0651705,-0.0693742,-0.0732074,-0.0766679,-0.0797599,-0.0824904,-0.084868,-0.0869009,-0.0885962,-0.08996,-0.0909967,-0.0917097,-0.0921007,-0.0921704,-0.0919184,-0.0913429,-0.0904411,-0.0892092,-0.0876427,-0.0857366,-0.083486,-0.0808865,-0.0779354,-0.0746316,-0.0709748,-0.066962,-0.0625754,-0.0577558,-0.0523562,-0.046094,-0.0385762,-0.0295283,-0.0193123,-0.00947072,-0.00245254,0
0,-0.000450291,-0.00189495,-0.00433704,-0.00767828,-0.0117565,-0.0163957,-0.0214375,-0.0267482,-0.0322116,-0.0377225,-0.0431832,-0.0485056,-0.0536143,-0.0584495,-0.0629679,-0.0671416,-0.070956,-0.0744065,-0.0774951,-0.080228,-0.0826131,-0.0846588,-0.0863726,-0.0877612,-0.0888298,-0.0895826,-0.0900221,-0.0901496,-0.0899654,-0.0894682,-0.0886559,-0.0875251,-0.0860718,-0.0842915,-0.0821794,-0.0797315,-0.0769447,-0.0738173,-0.0703484,-0.0665345,-0.0623591,-0.0577686,-0.0526259,-0.0466535,-0.0394313,-0.0305897,-0.0203367,-0.0101389,-0.00266308,0
0,-0.00038349,-0.00165747,-0.00386292,-0.00694206,-0.0107634,-0.0151655,-0.0199923,-0.0251067,-0.0303906,-0.0357384,-0.0410542,-0.0462516,-0.0512563,-0.056008,-0.0604618,-0.0645873,-0.0683672,-0.0717942,-0.0748684,-0.0775945,-0.0799797,-0.082032,-0.0837593,-0.0851689,-0.0862666,-0.0870573,-0.0875443,-0.0877298,-0.0876147,-0.0871985,-0.0864797,-0.0854558,-0.0841233,-0.0824783,-0.0805168,-0.078235,-0.0756297,-0.0726989,-0.069441,-0.0658511,-0.061913,-0.0575762,-0.0527123,-0.0470514,-0.0401556,-0.0315706,-0.0213424,-0.0108211,-0.00287901,0
0,-0.000322312,-0.00143329,-0.00340334,-0.00621045,-0.00975451,-0.0138929,-0.0184757,-0.0233653,-0.0284415,-0.0335984,-0.0387414,-0.0437861,-0.0486594,-0.0533015,-0.0576663,-0.0617216,-0.0654475,-0.0688343,-0.0718799,-0.0745873,-0.0769627,-0.0790137,-0.0807482,-0.0821737,-0.0832967,-0.0841227,-0.0846559,-0.0848992,-0.0848542,-0.0845216,-0.0839005,-0.0829893,-0.0817854,-0.080286,-0.0784875,-0.0763868,-0.0739811,-0.0712682,-0.0682454,-0.0649064,-0.0612338,-0.0571783,-0.052618,-0.0472924,-0.0407551,-0.0324787,-0.0223424,-0.0115336,-0.00310813,0
0,-0.000267677,-0.00122718,-0.00296983,-0.00550314,-0.00875681,-0.0126097,-0.016922,-0.0215586,-0.0263985,-0.0313356,-0.0362763,-0.0411382,-0.0458502,-0.0503532,-0.054601,-0.05856,-0.0622084,-0.0655343,-0.0685334,-0.071207,-0.07356,-0.0755993,-0.0773326,-0.0787674,-0.0799107,-0.0807685,-0.0813457,-0.0816461,-0.0816723,-0.0814256,-0.0809064,-0.0801139,-0.0790469,-0.0777033,-0.0760807,-0.0741769,-0.0719896,-0.0695163,-0.0667534,-0.0636931,-0.0603155,-0.0565708,-0.0523417,-0.0473776,-0.0412323,-0.0333195,-0.0233513,-0.0122987,-0.00336459,0
0,-0.000220287,-0.00104328,-0.0025731,-0.00483941,-0.00779806,-0.0113501,-0.0153693,-0.0197262,-0.0243011,-0.0289883,-0.0336957,-0.0383429,-0.0428609,-0.0471923,-0.0512914,-0.0551242,-0.0586676,-0.0619076,-0.0648384,-0.0674593,-0.069774,-0.0717884,-0.0735096,-0.0749452,-0.0761021,-0.0769869,-0.0776052,-0.0779614,-0.0780591,-0.0779005,-0.0774872,-0.0768196,-0.0758975,-0.0747203,-0.0732869,-0.0715958,-0.0696455,-0.0674337,-0.0649557,-0.0622017,-0.0591489,-0.0557453,-0.0518764,-0.0473018,-0.0415839,-0.0340935,-0.0243832,-0.0131456,-0.00367254,0
0,-0.000180759,-0.000885453,-0.00222336,-0.00423823,-0.0069066,-0.0101504,-0.0138591,-0.0179121,-0.0221938,-0.0266007,-0.0310423,-0.0354409,-0.0397302,-0.0438547,-0.0477704,-0.0514434,-0.05485,-0.0579754,-0.0608118,-0.0633573,-0.0656141,-0.067587,-0.0692825,-0.0707076,-0.0718696,-0.072775,-0.0734301,-0.0738398,-0.0740087,-0.0739399,-0.0736362,-0.0730992,-0.0723302,-0.0713298,-0.0700982,-0.0686353,-0.0669402,-0.0650107,-0.0628412,-0.0604196,-0.0577198,-0.0546867,-0.0512074,-0.0470509,-0.0417972,-0.0347918,-0.0254474,-0.0141095,-0.00407103,0
0,-0.000149938,-0.000758107,-0.00193136,-0.00371899,-0.00611147,-0.00904851,-0.0124359,-0.0161647,-0.0201265,-0.0242221,-0.0283645,-0.032479,-0.0365026,-0.0403829,-0.0440775,-0.0475541,-0.0507891,-0.0537671,-0.0564794,-0.0589229,-0.0610985,-0.0630099,-0.0646628,-0.0660638,-0.0672198,-0.0681375,-0.0688234,-0.0692831,-0.0695218,-0.0695437,-0.0693525,-0.0689513,-0.0683426,-0.0675284,-0.0665104,-0.0652896,-0.0638658,-0.0622367,-0.0603961,-0.0583293,-0.056007,-0.0533703,-0.0503076,-0.046597,-0.0418447,-0.035389,-0.0265407,-0.0152274,-0.00462015,0
0,-0.000129584,-0.000667842,-0.0017105,-0.0033034,-0.00544352,-0.00808411,-0.0111465,-0.0145356,-0.018153,-0.021907,-0.0257159,-0.0295097,-0.0332292,-0.0368257,-0.0402598,-0.0435009,-0.0465266,-0.0493217,-0.051877,-0.0541885,-0.0562562,-0.0580829,-0.0596734,-0.0610335,-0.06217,-0.0630894,-0.0637982,-0.0643026,-0.0646082,-0.0647202,-0.0646433,-0.0643815,-0.0639388,-0.0633185,-0.0625233,-0.0615552,-0.0604147,-0.0590992,-0.0576017,-0.0559048,-0.0539772,-0.0517558,-0.049132,-0.045891,-0.0416765,-0.0358332,-0.0276345,-0.0165264,-0.00540673,0
0,-0.000123815,-0.000626554,-0.00158067,-0.00301893,-0.00493779,-0.00729968,-0.0100402,-0.0130789,-0.0163307,-0.0197139,-0.0231551,-0.0265904,-0.0299663,-0.0332384,-0.036371,-0.0393361,-0.0421131,-0.0446875,-0.0470505,-0.0491976,-0.0511281,-0.0528441,-0.0543495,-0.0556496,-0.0567505,-0.0576586,-0.0583803,-0.058922,-0.0592897,-0.0594892,-0.0595259,-0.0594047,-0.0591306,-0.0587077,-0.0581397,-0.057429,-0.0565764,-0.0555786,-0.0544282,-0.0531051,-0.0515778,-0.0497788,-0.0476076,-0.0448519,-0.041209,-0.0360315,-0.0286556,-0.017999,-0.00654548,0
0,-0.000141806,-0.000656416,-0.00157372,-0.00290367,-0.00463706,-0.00674245,-0.0091684,-0.0118502,-0.014718,-0.0177033,-0.0207431,-0.0237825,-0.0267749,-0.0296814,-0.0324709,-0.0351189,-0.037607,-0.0399223,-0.0420564,-0.0440052,-0.0457675,-0.0473448,-0.0487404,-0.049959,-0.0510061,-0.0518875,-0.0526097,-0.0531787,-0.0536007,-0.0538816,-0.0540273,-0.0540431,-0.0539341,-0.0537049,-0.0533596,-0.0529001,-0.0523277,-0.0516375,-0.0508229,-0.0498603,-0.0487226,-0.0473353,-0.0456177,-0.0433486,-0.0403085,-0.0358305,-0.0294596,-0.0195575,-0.00816456,0
0,-0.000202218,-0.000796371,-0.00173976,-0.00301155,-0.00459568,-0.00646665,-0.0085862,-0.0109062,-0.0133735,-0.0159352,-0.0185417,-0.0211488,-0.0237185,-0.026219,-0.0286244,-0.0309146,-0.0330741,-0.0350918,-0.0369607,-0.0386769,-0.0402394,-0.0416492,-0.0429091,-0.0440229,-0.0449955,-0.0458322,-0.0465386,-0.0471204,-0.0475834,-0.047933,-0.0481748,-0.0483137,-0.0483549,-0.0483019,-0.0481594,-0.0479273,-0.0476086,-0.0471946,-0.0466837,-0.0460447,-0.0452654,-0.0442547,-0.0429768,-0.041172,-0.0387643,-0.034988,-0.0297998,-0.0209626,-0.0103524,0
0,-0.000338756,-0.00110655,-0.00214906,-0.00341326,-0.00488053,-0.0065345,-0.00835204,-0.0103031,-0.0123533,-0.014467,-0.0166097,-0.0187499,-0.0208599,-0.0229159,-0.0248987,-0.0267925,-0.0285855,-0.030269,-0.0318374,-0.0332876,-0.0346183,-0.0358304,-0.0369258,-0.0379076,-0.0387796,-0.0395459,-0.0402112,-0.04078,-0.0412573,-0.0416471,-0.0419547,-0.0421833,-0.0423383,-0.0424208,-0.042437,-0.0423826,-0.0422658,-0.0420692,-0.0418057,-0.0414249,-0.040952,-0.0402521,-0.0393864,-0.0379895,-0.0362465,-0.0331307,-0.0292928,-0.0217329,-0.0130221,0
0,-0.000601612,-0.00165624,-0.00287121,-0.00417406,-0.00555217,-0.00700262,-0.00852001,-0.0100943,-0.0117112,-0.0133542,-0.0150053,-0.016647,-0.018263,-0.0198387,-0.0213614,-0.0228208,-0.0242086,-0.0255186,-0.0267467,-0.0278901,-0.0289478,-0.0299199,-0.0308076,-0.0316127,-0.0323378,-0.0329856,-0.0335596,-0.0340627,-0.034499,-0.0348707,-0.035183,-0.0354363,-0.0356377,-0.0357834,-0.035885,-0.0359287,-0.0359365,-0.0358708,-0.0357778,-0.035563,-0.0353308,-0.0348459,-0.034359,-0.033276,-0.0322343,-0.0296917,-0.0273675,-0.0210827,-0.0156278,0
0,-0.00103136,-0.00244204,-0.00385254,-0.00520368,-0.0064974,-0.00774573,-0.00896046,-0.0101504,-0.0113207,-0.0124729,-0.0136056,-0.0147155,-0.015798,-0.0168477,-0.0178596,-0.0188287,-0.0197509,-0.0206228,-0.021442,-0.0222067,-0.0229161,-0.0235702,-0.0241696,-0.0247153,-0.0252089,-0.025652,-0.0260473,-0.026396,-0.026702,-0.0269653,-0.0271919,-0.0273782,-0.0275353,-0.0276516,-0.0277487,-0.0277966,-0.0278417,-0.0278117,-0.0278083,-0.0276624,-0.0276034,-0.0272355,-0.0270864,-0.0262236,-0.0258902,-0.02384,-0.0231257,-0.0179888,-0.0166808,0
0,-0.00148175,-0.00300575,-0.00435077,-0.00551702,-0.0065305,-0.00741887,-0.00820709,-0.00891622,-0.00956314,-0.0101607,-0.0107182,-0.011242,-0.0117361,-0.0122028,-0.0126432,-0.0130577,-0.0134464,-0.013809,-0.0141455,-0.0144559,-0.0147405,-0.0149996,-0.015234,-0.0154444,-0.0156321,-0.0157977,-0.0159433,-0.0160688,-0.0161776,-0.0162676,-0.0163452,-0.0164039,-0.0164561,-0.0164858,-0.0165191,-0.0165182,-0.0165403,-0.0164987,-0.0165193,-0.0164071,-0.0164413,-0.0161829,-0.0162571,-0.0156682,-0.0158447,-0.014467,-0.0149542,-0.0114397,-0.0131256,0
0,0,0,0,0,0,0,0,0,0,0,0,0,0,0,0,0,0,0,0,0,0,0,0,0,0,0,0,0,0,0,0,0,0,0,0,0,0,0,0,0,0,0,0,0,0,0,0,0,0,0
